# name: debug
# type: sparse matrix
# nnz: 3537
# rows: 357
# columns: 357

1 1 0
2 1 9.34372801e-310
3 1 1.14460668e-309
4 1 0
5 1 -4.671864e-310
6 1 -4.671864e-310
1 2 9.34372801e-310
2 2 9.343728e-310
3 2 2.1023388e-310
4 2 -4.94065646e-324
5 2 -4.671864e-310
6 2 0
1 3 1.14460668e-309
2 3 2.1023388e-310
3 3 3.04839126e-310
4 3 0
5 3 -6.7742028e-310
6 3 0
1 4 0
2 4 -4.94065646e-324
3 4 0
4 4 8.10267659e-322
5 4 4.67186401e-310
6 4 4.671864e-310
7 4 0
8 4 0
9 4 0
244 4 -8.10267659e-322
245 4 -3.23790862e-319
246 4 -3.23790862e-319
1 5 -4.671864e-310
2 5 -4.671864e-310
3 5 -6.7742028e-310
4 5 4.67186401e-310
5 5 4.671864e-310
6 5 5.48412867e-322
7 5 0
8 5 0
9 5 0
244 5 -5.92878775e-322
245 5 -5.92878775e-322
246 5 -8.74496193e-322
1 6 -4.671864e-310
2 6 0
3 6 0
4 6 4.671864e-310
5 6 5.48412867e-322
6 6 4.671864e-310
7 6 0
8 6 0
9 6 0
244 6 2.81617418e-322
245 6 -6.43125251e-320
246 6 -4.67186401e-310
4 7 0
5 7 0
6 7 0
7 7 0
8 7 0
9 7 0
10 7 0
11 7 0
12 7 0
4 8 0
5 8 0
6 8 0
7 8 0
8 8 0
9 8 0
10 8 0
11 8 0
12 8 0
4 9 0
5 9 0
6 9 0
7 9 0
8 9 0
9 9 0
10 9 0
11 9 0
12 9 0
7 10 0
8 10 0
9 10 0
10 10 6.94736464e-310
11 10 0
12 10 1.38947293e-310
13 10 0
14 10 0
15 10 0
250 10 -6.94736464e-310
251 10 0
252 10 -3.95252517e-323
7 11 0
8 11 0
9 11 0
10 11 0
11 11 0
12 11 8.25666697e-317
13 11 0
14 11 0
15 11 0
250 11 0
251 11 0
252 11 -8.25666697e-317
7 12 0
8 12 0
9 12 0
10 12 1.38947293e-310
11 12 8.25666697e-317
12 12 2.84684518e-311
13 12 0
14 12 0
15 12 0
250 12 -1.38947293e-310
251 12 0
252 12 -6.78993241e-313
10 13 0
11 13 0
12 13 0
13 13 4.67084951e-310
14 13 6.9480989e-310
15 13 3.35862167e-310
16 13 -4.67084951e-310
17 13 -6.9480989e-310
18 13 0
10 14 0
11 14 0
12 14 0
13 14 6.9480989e-310
14 14 1.01449193e-313
15 14 4.90392304e-314
16 14 -6.81990943e-314
17 14 -1.01449193e-313
18 14 0
10 15 0
11 15 0
12 15 0
13 15 3.35862167e-310
14 15 4.90392304e-314
15 15 -2.02076836e-310
16 15 -3.49650478e-310
17 15 1.74771754e-310
18 15 0
13 16 -4.67084951e-310
14 16 -6.81990943e-314
15 16 -3.49650478e-310
16 16 4.67084951e-310
17 16 6.9480989e-310
18 16 4.67186395e-310
19 16 0
20 16 0
21 16 0
256 16 -2.86558075e-322
257 16 0
258 16 -4.67186395e-310
13 17 -6.9480989e-310
14 17 -1.01449193e-313
15 17 1.74771754e-310
16 17 6.9480989e-310
17 17 1.01449205e-313
18 17 6.82139465e-314
19 17 0
20 17 0
21 17 0
256 17 -3.23790862e-319
257 17 -1.24603356e-320
258 17 -6.82138861e-314
13 18 0
14 18 0
15 18 0
16 18 4.67186395e-310
17 18 6.82139465e-314
18 18 1.8687456e-310
19 18 0
20 18 0
21 18 0
256 18 -4.67186395e-310
257 18 -6.82138821e-314
258 18 -9.34372804e-311
16 19 0
17 19 0
18 19 0
19 19 0
20 19 0
21 19 0
22 19 0
23 19 0
24 19 0
16 20 0
17 20 0
18 20 0
19 20 0
20 20 0
21 20 0
22 20 0
23 20 0
24 20 0
16 21 0
17 21 0
18 21 0
19 21 0
20 21 0
21 21 0
22 21 0
23 21 0
24 21 0
19 22 0
20 22 0
21 22 0
22 22 8.49423786e-312
23 22 -6.24198713e-311
24 22 4.09373898e-310
25 22 0
26 22 0
27 22 0
262 22 -8.49423786e-312
263 22 6.24198713e-311
264 22 -3.99924621e-310
19 23 0
20 23 0
21 23 0
22 23 -6.24198713e-311
23 23 4.58692163e-310
24 23 4.56477007e-310
25 23 0
26 23 0
27 23 0
262 23 6.24198713e-311
263 23 -4.58692163e-310
264 23 -5.25914977e-310
19 24 0
20 24 0
21 24 0
22 24 4.09373898e-310
23 24 4.56477007e-310
24 24 6.58529518e-310
25 24 0
26 24 0
27 24 0
262 24 5.35459006e-311
263 24 -3.93481828e-310
264 24 -7.18095784e-310
22 25 0
23 25 0
24 25 0
25 25 0
26 25 0
27 25 0
28 25 0
29 25 0
30 25 0
22 26 0
23 26 0
24 26 0
25 26 0
26 26 0
27 26 0
28 26 0
29 26 0
30 26 0
22 27 0
23 27 0
24 27 0
25 27 0
26 27 0
27 27 0
28 27 0
29 27 0
30 27 0
25 28 0
26 28 0
27 28 0
28 28 6.81811009e-314
29 28 -4.24860765e-313
30 28 -2.15148398e-314
31 28 0
32 28 0
33 28 0
268 28 -6.81811009e-314
269 28 4.24860765e-313
270 28 5.4347221e-323
25 29 0
26 29 0
27 29 0
28 29 -4.24860765e-313
29 29 2.64797351e-312
30 29 1.34092697e-313
31 29 0
32 29 0
33 29 0
268 29 4.24943332e-313
269 29 -2.64797351e-312
270 29 -3.50786609e-322
25 30 0
26 30 0
27 30 0
28 30 -2.15148398e-314
29 30 1.34092697e-313
30 30 6.79121262e-315
31 30 0
32 30 0
33 30 0
268 30 2.15215326e-314
269 30 -1.34108348e-313
270 30 -3.70549234e-322
28 31 0
29 31 0
30 31 0
31 31 0
32 31 0
33 31 6.32404027e-322
34 31 0
35 31 0
36 31 -6.32404027e-322
28 32 0
29 32 0
30 32 0
31 32 0
32 32 0
33 32 1.74405173e-321
34 32 0
35 32 0
36 32 -1.74405173e-321
28 33 0
29 33 0
30 33 0
31 33 6.32404027e-322
32 33 1.74405173e-321
33 33 6.94741691e-310
34 33 0
35 33 0
36 33 -6.94741691e-310
31 34 0
32 34 0
33 34 0
34 34 2.07458165e-320
35 34 -3.41893427e-321
36 34 5.97819431e-320
37 34 0
38 34 0
39 34 0
274 34 -2.07458165e-320
275 34 3.41893427e-321
276 34 -5.49055152e-320
31 35 0
32 35 0
33 35 0
34 35 -3.41893427e-321
35 35 1.38338381e-321
36 35 3.20416393e-319
37 35 0
38 35 0
39 35 0
274 35 3.02862241e-321
275 35 -1.38338381e-321
276 35 -3.19102179e-319
31 36 -6.32404027e-322
32 36 -1.74405173e-321
33 36 -6.94741691e-310
34 36 5.97819431e-320
35 36 3.20416393e-319
36 36 7.88178971e-310
37 36 0
38 36 0
39 36 0
274 36 -4.60420662e-310
275 36 7.9220873e-311
276 36 -8.15405942e-320
34 37 0
35 37 0
36 37 0
37 37 0
38 37 0
39 37 0
40 37 0
41 37 0
42 37 0
34 38 0
35 38 0
36 38 0
37 38 0
38 38 0
39 38 0
40 38 0
41 38 0
42 38 0
34 39 0
35 39 0
36 39 0
37 39 0
38 39 0
39 39 0
40 39 0
41 39 0
42 39 0
37 40 0
38 40 0
39 40 0
40 40 4.84905932e-310
41 40 4.71148842e-310
42 40 3.11283867e-310
43 40 0
44 40 0
45 40 0
280 40 -4.84905932e-310
281 40 -4.71148842e-310
282 40 0
37 41 0
38 41 0
39 41 0
40 41 4.71148842e-310
41 41 6.77016933e-310
42 41 4.00262798e-310
43 41 0
44 41 0
45 41 0
280 41 -4.71148841e-310
281 41 -6.77016933e-310
282 41 0
37 42 0
38 42 0
39 42 0
40 42 3.11283867e-310
41 42 4.00262798e-310
42 42 8.04088822e-310
43 42 0
44 42 0
45 42 0
280 42 -7.78386989e-310
281 42 -3.91442019e-310
282 42 -4.671864e-310
40 43 0
41 43 0
42 43 0
43 43 0
44 43 0
45 43 0
46 43 0
47 43 0
48 43 0
40 44 0
41 44 0
42 44 0
43 44 0
44 44 0
45 44 0
46 44 0
47 44 0
48 44 0
40 45 0
41 45 0
42 45 0
43 45 0
44 45 0
45 45 0
46 45 0
47 45 0
48 45 0
43 46 0
44 46 0
45 46 0
46 46 5.20214552e-94
47 46 5.63697561e-93
48 46 3.67960385e-93
49 46 -7.94238676e-312
50 46 -6.0394483e-311
51 46 0
286 46 -5.20214552e-94
287 46 -5.63697561e-93
288 46 -4.65209569e-310
43 47 0
44 47 0
45 47 0
46 47 5.63697561e-93
47 47 6.1081517e-92
48 47 3.98716973e-92
49 47 -6.03944829e-311
50 47 -4.59244013e-310
51 47 0
286 47 -5.63697561e-93
287 47 -6.1081517e-92
288 47 4.29323816e-311
43 48 0
44 48 0
45 48 0
46 48 3.67960385e-93
47 48 3.98716973e-92
48 48 2.60267316e-92
49 48 -5.88378636e-310
50 48 -8.90966718e-310
51 48 0
286 48 -3.67960385e-93
287 48 -3.98716973e-92
288 48 -9.34372801e-311
46 49 -7.94238676e-312
47 49 -6.03944829e-311
48 49 -5.88378636e-310
49 49 7.94238676e-312
50 49 6.0394483e-311
51 49 0
52 49 0
53 49 0
54 49 0
46 50 -6.0394483e-311
47 50 -4.59244013e-310
48 50 -8.90966718e-310
49 50 6.0394483e-311
50 50 4.59244013e-310
51 50 0
52 50 0
53 50 0
54 50 0
46 51 0
47 51 0
48 51 0
49 51 0
50 51 0
51 51 0
52 51 0
53 51 0
54 51 0
49 52 0
50 52 0
51 52 0
52 52 3.84783266e-319
53 52 2.16321702e-319
54 52 6.39691495e-319
55 52 0
56 52 0
57 52 0
292 52 -3.84783266e-319
293 52 -2.16321702e-319
294 52 -3.12056803e-319
49 53 0
50 53 0
51 53 0
52 53 2.16321702e-319
53 53 -6.00882638e-320
54 53 -1.77389329e-319
55 53 0
56 53 0
57 53 0
292 53 1.06876281e-319
293 53 6.00882638e-320
294 53 8.63873782e-320
49 54 0
50 54 0
51 54 0
52 54 6.39691495e-319
53 54 -1.77389329e-319
54 54 4.67186401e-310
55 54 0
56 54 0
57 54 0
292 54 -8.04882344e-320
293 54 -4.52514725e-320
294 54 -4.67186401e-310
52 55 0
53 55 0
54 55 0
55 55 0
56 55 0
57 55 0
58 55 0
59 55 0
60 55 0
52 56 0
53 56 0
54 56 0
55 56 0
56 56 0
57 56 0
58 56 0
59 56 0
60 56 0
52 57 0
53 57 0
54 57 0
55 57 0
56 57 0
57 57 0
58 57 0
59 57 0
60 57 0
55 58 0
56 58 0
57 58 0
58 58 7.91581322e-310
59 58 3.85743793e-310
60 58 6.73306245e-310
61 58 0
62 58 0
63 58 0
298 58 -7.91581322e-310
299 58 -3.85743793e-310
300 58 -2.01052851e-317
55 59 0
56 59 0
57 59 0
