8.859436668623456024e-01 4.637928623281100116e-01 0.000000000000000000e+00 -3.218930999999999876e-02 -4.637928623281100116e-01 8.859436668623456024e-01 0.000000000000000000e+00 -1.241159399999999975e-02 0.000000000000000000e+00 0.000000000000000000e+00 1.000000000000000000e+00 0.000000000000000000e+00
6.263853749738009791e-01 7.795135419086257622e-01 0.000000000000000000e+00 -3.692950600000000083e-01 -7.795135419086257622e-01 6.263853749738009791e-01 0.000000000000000000e+00 -2.458896299999999979e-01 0.000000000000000000e+00 0.000000000000000000e+00 1.000000000000000000e+00 0.000000000000000000e+00
3.172151476305284379e-01 9.483535997262529937e-01 0.000000000000000000e+00 -8.346342399999999717e-01 -9.483535997262529937e-01 3.172151476305284379e-01 0.000000000000000000e+00 -3.335656499999999913e-01 0.000000000000000000e+00 0.000000000000000000e+00 1.000000000000000000e+00 0.000000000000000000e+00
-2.288471207606351202e-03 9.999973814463375410e-01 0.000000000000000000e+00 -1.156096500000000082e+00 -9.999973814463375410e-01 -2.288471207606351202e-03 0.000000000000000000e+00 -3.184400199999999903e-01 0.000000000000000000e+00 0.000000000000000000e+00 1.000000000000000000e+00 0.000000000000000000e+00
-3.382495399386026835e-01 9.410564535304583034e-01 0.000000000000000000e+00 -1.470070200000000105e+00 -9.410564535304583034e-01 -3.382495399386026835e-01 0.000000000000000000e+00 -1.548816899999999885e-01 0.000000000000000000e+00 0.000000000000000000e+00 1.000000000000000000e+00 0.000000000000000000e+00
-6.295150191150745700e-01 7.769883143963924876e-01 0.000000000000000000e+00 -1.685533200000000065e+00 -7.769883143963924876e-01 -6.295150191150745700e-01 0.000000000000000000e+00 1.568731700000000062e-01 0.000000000000000000e+00 0.000000000000000000e+00 1.000000000000000000e+00 0.000000000000000000e+00
-9.718697923000553240e-01 2.355188035266978508e-01 0.000000000000000000e+00 -1.930101899999999926e+00 -2.355188035266978508e-01 -9.718697923000553240e-01 0.000000000000000000e+00 6.119978400000000152e-01 0.000000000000000000e+00 0.000000000000000000e+00 1.000000000000000000e+00 0.000000000000000000e+00
-9.786698419513906178e-01 -2.054393838942281669e-01 0.000000000000000000e+00 -1.721451300000000018e+00 2.054393838942281669e-01 -9.786698419513906178e-01 0.000000000000000000e+00 1.046707300000000007e+00 0.000000000000000000e+00 0.000000000000000000e+00 1.000000000000000000e+00 0.000000000000000000e+00
-8.635757213325807591e-01 -5.042191721116054959e-01 0.000000000000000000e+00 -1.436931399999999970e+00 5.042191721116054959e-01 -8.635757213325807591e-01 0.000000000000000000e+00 1.409127800000000041e+00 0.000000000000000000e+00 0.000000000000000000e+00 1.000000000000000000e+00 0.000000000000000000e+00
-6.853416707254977869e-01 -7.282216656809815669e-01 0.000000000000000000e+00 -9.823739000000000221e-01 7.282216656809815669e-01 -6.853416707254977869e-01 0.000000000000000000e+00 1.678525800000000068e+00 0.000000000000000000e+00 0.000000000000000000e+00 1.000000000000000000e+00 0.000000000000000000e+00
-4.008662343526966376e-01 -9.161365957955662775e-01 0.000000000000000000e+00 -6.121615000000000251e-01 9.161365957955662775e-01 -4.008662343526966376e-01 0.000000000000000000e+00 1.955009699999999961e+00 0.000000000000000000e+00 0.000000000000000000e+00 1.000000000000000000e+00 0.000000000000000000e+00
6.535879695346823171e-02 -9.978618279405196967e-01 0.000000000000000000e+00 -1.556907899999999956e-01 9.978618279405196967e-01 6.535879695346823171e-02 0.000000000000000000e+00 1.982803300000000046e+00 0.000000000000000000e+00 0.000000000000000000e+00 1.000000000000000000e+00 0.000000000000000000e+00
3.326483042403575174e-01 -9.430509560389696011e-01 0.000000000000000000e+00 2.818004000000000064e-01 9.430509560389696011e-01 3.326483042403575174e-01 0.000000000000000000e+00 2.000909000000000049e+00 0.000000000000000000e+00 0.000000000000000000e+00 1.000000000000000000e+00 0.000000000000000000e+00
5.194469627206308449e-01 -8.545026933370728495e-01 0.000000000000000000e+00 7.760861000000000010e-01 8.545026933370728495e-01 5.194469627206308449e-01 0.000000000000000000e+00 1.681533900000000026e+00 0.000000000000000000e+00 0.000000000000000000e+00 1.000000000000000000e+00 0.000000000000000000e+00
5.449409768430036882e-01 -8.384744073359621241e-01 0.000000000000000000e+00 1.126124099999999961e+00 8.384744073359621241e-01 5.449409768430036882e-01 0.000000000000000000e+00 1.593909999999999938e+00 0.000000000000000000e+00 0.000000000000000000e+00 1.000000000000000000e+00 0.000000000000000000e+00
6.495793398905199689e-01 -7.602938124089898553e-01 0.000000000000000000e+00 1.506851900000000022e+00 7.602938124089898553e-01 6.495793398905199689e-01 0.000000000000000000e+00 1.257844699999999927e+00 0.000000000000000000e+00 0.000000000000000000e+00 1.000000000000000000e+00 0.000000000000000000e+00
6.690690224572166667e-01 -7.432002712513933185e-01 0.000000000000000000e+00 1.648429200000000039e+00 7.432002712513933185e-01 6.690690224572166667e-01 0.000000000000000000e+00 9.438142999999999949e-01 0.000000000000000000e+00 0.000000000000000000e+00 1.000000000000000000e+00 0.000000000000000000e+00
6.812730643671295327e-01 -7.320293790332605965e-01 0.000000000000000000e+00 2.135237200000000168e+00 7.320293790332605965e-01 6.812730643671295327e-01 0.000000000000000000e+00 4.807880999999999960e-01 0.000000000000000000e+00 0.000000000000000000e+00 1.000000000000000000e+00 0.000000000000000000e+00
7.634519248741975517e-01 -6.458646595114820865e-01 0.000000000000000000e+00 2.324713700000000216e+00 6.458646595114820865e-01 7.634519248741975517e-01 0.000000000000000000e+00 -3.270209000000000310e-02 0.000000000000000000e+00 0.000000000000000000e+00 1.000000000000000000e+00 0.000000000000000000e+00
7.346380371342213778e-01 -6.784592503574391475e-01 0.000000000000000000e+00 2.645804399999999834e+00 6.784592503574391475e-01 7.346380371342213778e-01 0.000000000000000000e+00 -2.281405999999999989e-01 0.000000000000000000e+00 0.000000000000000000e+00 1.000000000000000000e+00 0.000000000000000000e+00
6.166477424901777304e-01 -7.872392023278359519e-01 0.000000000000000000e+00 2.489904899999999977e+00 7.872392023278359519e-01 6.166477424901777304e-01 0.000000000000000000e+00 -3.706880799999999754e-01 0.000000000000000000e+00 0.000000000000000000e+00 1.000000000000000000e+00 0.000000000000000000e+00
4.709920330735998806e-01 -8.821374636535946889e-01 0.000000000000000000e+00 2.768090500000000009e+00 8.821374636535946889e-01 4.709920330735998806e-01 0.000000000000000000e+00 -6.389698999999999796e-01 0.000000000000000000e+00 0.000000000000000000e+00 1.000000000000000000e+00 0.000000000000000000e+00
2.969576715849161497e-01 -9.548906436272507348e-01 0.000000000000000000e+00 3.216781999999999808e+00 9.548906436272507348e-01 2.969576715849161497e-01 0.000000000000000000e+00 -9.005026999999999893e-01 0.000000000000000000e+00 0.000000000000000000e+00 1.000000000000000000e+00 0.000000000000000000e+00
-1.707006187903939431e-01 -9.853229413469355435e-01 0.000000000000000000e+00 3.647899199999999897e+00 9.853229413469355435e-01 -1.707006187903939431e-01 0.000000000000000000e+00 -1.060570999999999930e+00 0.000000000000000000e+00 0.000000000000000000e+00 1.000000000000000000e+00 0.000000000000000000e+00
-5.281992849516983224e-01 -8.491204363201457772e-01 0.000000000000000000e+00 3.950085200000000185e+00 8.491204363201457772e-01 -5.281992849516983224e-01 0.000000000000000000e+00 -1.044235999999999942e+00 0.000000000000000000e+00 0.000000000000000000e+00 1.000000000000000000e+00 0.000000000000000000e+00
-7.959280901796840224e-01 -6.053911754088596719e-01 0.000000000000000000e+00 4.037956999999999574e+00 6.053911754088596719e-01 -7.959280901796840224e-01 0.000000000000000000e+00 -8.414919400000000493e-01 0.000000000000000000e+00 0.000000000000000000e+00 1.000000000000000000e+00 0.000000000000000000e+00
-9.664106837604170552e-01 -2.570027048762779653e-01 0.000000000000000000e+00 3.953019100000000119e+00 2.570027048762779653e-01 -9.664106837604170552e-01 0.000000000000000000e+00 -7.524368999999999641e-01 0.000000000000000000e+00 0.000000000000000000e+00 1.000000000000000000e+00 0.000000000000000000e+00
-9.899336342506761532e-01 1.415323276825775078e-01 0.000000000000000000e+00 3.820631000000000110e+00 -1.415323276825775078e-01 -9.899336342506761532e-01 0.000000000000000000e+00 -6.019028400000000500e-01 0.000000000000000000e+00 0.000000000000000000e+00 1.000000000000000000e+00 0.000000000000000000e+00
-8.488931405833757271e-01 5.285645049286729069e-01 0.000000000000000000e+00 3.383518200000000142e+00 -5.285645049286729069e-01 -8.488931405833757271e-01 0.000000000000000000e+00 -5.449294999999999556e-01 0.000000000000000000e+00 0.000000000000000000e+00 1.000000000000000000e+00 0.000000000000000000e+00
-5.751089935127423614e-01 8.180767968722498784e-01 0.000000000000000000e+00 2.689968599999999821e+00 -8.180767968722498784e-01 -5.751089935127423614e-01 0.000000000000000000e+00 -4.106155599999999906e-01 0.000000000000000000e+00 0.000000000000000000e+00 1.000000000000000000e+00 0.000000000000000000e+00
3.468936164125263621e-01 -9.379044828191402949e-01 0.000000000000000000e+00 2.280497599999999903e+00 9.379044828191402949e-01 3.468936164125263621e-01 0.000000000000000000e+00 -4.989522699999999755e-01 0.000000000000000000e+00 0.000000000000000000e+00 1.000000000000000000e+00 0.000000000000000000e+00
2.069085004769394831e-01 -9.783602978608567646e-01 0.000000000000000000e+00 1.634900999999999938e+00 9.783602978608567646e-01 2.069085004769394831e-01 0.000000000000000000e+00 -8.950872399999999507e-01 0.000000000000000000e+00 0.000000000000000000e+00 1.000000000000000000e+00 0.000000000000000000e+00
9.333268234162135635e-02 -9.956349784970985883e-01 0.000000000000000000e+00 1.152319000000000093e+00 9.956349784970985883e-01 9.333268234162135635e-02 0.000000000000000000e+00 -1.194307199999999902e+00 0.000000000000000000e+00 0.000000000000000000e+00 1.000000000000000000e+00 0.000000000000000000e+00
-2.871277560010538354e-01 -9.578922965207514739e-01 0.000000000000000000e+00 7.356529000000000540e-01 9.578922965207514739e-01 -2.871277560010538354e-01 0.000000000000000000e+00 -1.230082499999999968e+00 0.000000000000000000e+00 0.000000000000000000e+00 1.000000000000000000e+00 0.000000000000000000e+00
-5.874057988860228452e-01 -8.092925474975494193e-01 0.000000000000000000e+00 6.557045000000000234e-01 8.092925474975494193e-01 -5.874057988860228452e-01 0.000000000000000000e+00 -1.886347999999999914e+00 0.000000000000000000e+00 0.000000000000000000e+00 1.000000000000000000e+00 0.000000000000000000e+00
-8.170826678737683757e-01 -5.765205233643335703e-01 0.000000000000000000e+00 4.501144999999999730e-01 5.765205233643335703e-01 -8.170826678737683757e-01 0.000000000000000000e+00 -2.498663399999999868e+00 0.000000000000000000e+00 0.000000000000000000e+00 1.000000000000000000e+00 0.000000000000000000e+00
-9.715523553796678868e-01 -2.368248736011898670e-01 0.000000000000000000e+00 5.279991600000000229e-01 2.368248736011898670e-01 -9.715523553796678868e-01 0.000000000000000000e+00 -2.923725600000000036e+00 0.000000000000000000e+00 0.000000000000000000e+00 1.000000000000000000e+00 0.000000000000000000e+00
-9.996211683450545449e-01 2.752307752538080479e-02 0.000000000000000000e+00 4.363872999999999780e-01 -2.752307752538080479e-02 -9.996211683450545449e-01 0.000000000000000000e+00 -3.452679600000000182e+00 0.000000000000000000e+00 0.000000000000000000e+00 1.000000000000000000e+00 0.000000000000000000e+00
-9.899828416760320104e-01 1.411877232164626406e-01 0.000000000000000000e+00 4.245886799999999961e-01 -1.411877232164626406e-01 -9.899828416760320104e-01 0.000000000000000000e+00 -3.922204999999999941e+00 0.000000000000000000e+00 0.000000000000000000e+00 1.000000000000000000e+00 0.000000000000000000e+00
-9.446873056455266093e-01 3.279723990707073544e-01 0.000000000000000000e+00 5.989105700000000310e-01 -3.279723990707073544e-01 -9.446873056455266093e-01 0.000000000000000000e+00 -4.479377000000000386e+00 0.000000000000000000e+00 0.000000000000000000e+00 1.000000000000000000e+00 0.000000000000000000e+00
8.815167386753250955e-01 -4.721527712882967465e-01 0.000000000000000000e+00 5.400517000000000234e-01 4.721527712882967465e-01 8.815167386753250955e-01 0.000000000000000000e+00 -4.223792000000000435e+00 0.000000000000000000e+00 0.000000000000000000e+00 1.000000000000000000e+00 0.000000000000000000e+00
-6.833303288443292045e-01 7.301093491262120594e-01 0.000000000000000000e+00 1.218392799999999943e+00 -7.301093491262120594e-01 -6.833303288443292045e-01 0.000000000000000000e+00 -4.725558999999999621e+00 0.000000000000000000e+00 0.000000000000000000e+00 1.000000000000000000e+00 0.000000000000000000e+00
-4.115648112465524200e-01 9.113804947131519674e-01 0.000000000000000000e+00 1.708099599999999940e+00 -9.113804947131519674e-01 -4.115648112465524200e-01 0.000000000000000000e+00 -4.874304999999999666e+00 0.000000000000000000e+00 0.000000000000000000e+00 1.000000000000000000e+00 0.000000000000000000e+00
-1.976718790514576385e-01 9.802682429989588719e-01 0.000000000000000000e+00 2.316693799999999914e+00 -9.802682429989588719e-01 -1.976718790514576385e-01 0.000000000000000000e+00 -5.102485699999999902e+00 0.000000000000000000e+00 0.000000000000000000e+00 1.000000000000000000e+00 0.000000000000000000e+00
1.981133778983121957e-02 9.998037361877466500e-01 0.000000000000000000e+00 2.947521200000000174e+00 -9.998037361877466500e-01 1.981133778983121957e-02 0.000000000000000000e+00 -5.181662600000000118e+00 0.000000000000000000e+00 0.000000000000000000e+00 1.000000000000000000e+00 0.000000000000000000e+00
1.799761782252993769e-01 9.836709690091577363e-01 0.000000000000000000e+00 3.489625499999999825e+00 -9.836709690091577363e-01 1.799761782252993769e-01 0.000000000000000000e+00 -4.948096999999999746e+00 0.000000000000000000e+00 0.000000000000000000e+00 1.000000000000000000e+00 0.000000000000000000e+00
2.965330160801353254e-01 9.550226020228098633e-01 0.000000000000000000e+00 3.896078999999999848e+00 -9.550226020228098633e-01 2.965330160801353254e-01 0.000000000000000000e+00 -4.724502600000000108e+00 0.000000000000000000e+00 0.000000000000000000e+00 1.000000000000000000e+00 0.000000000000000000e+00
4.772605215826519198e-01 8.787618531426218960e-01 0.000000000000000000e+00 4.561933999999999934e+00 -8.787618531426218960e-01 4.772605215826519198e-01 0.000000000000000000e+00 -4.667754699999999701e+00 0.000000000000000000e+00 0.000000000000000000e+00 1.000000000000000000e+00 0.000000000000000000e+00
6.338661299406099792e-01 7.734427770133442959e-01 0.000000000000000000e+00 4.970320000000000071e+00 -7.734427770133442959e-01 6.338661299406099792e-01 0.000000000000000000e+00 -4.302180299999999846e+00 0.000000000000000000e+00 0.000000000000000000e+00 1.000000000000000000e+00 0.000000000000000000e+00
6.910453870770704166e-01 7.228113675084959500e-01 0.000000000000000000e+00 5.451192999999999955e+00 -7.228113675084959500e-01 6.910453870770704166e-01 0.000000000000000000e+00 -3.875188599999999983e+00 0.000000000000000000e+00 0.000000000000000000e+00 1.000000000000000000e+00 0.000000000000000000e+00
7.724976114063205612e-01 6.350176693380502613e-01 0.000000000000000000e+00 5.834427400000000041e+00 -6.350176693380502613e-01 7.724976114063205612e-01 0.000000000000000000e+00 -3.568497400000000042e+00 0.000000000000000000e+00 0.000000000000000000e+00 1.000000000000000000e+00 0.000000000000000000e+00
7.719370347127211263e-01 6.356989967263839691e-01 0.000000000000000000e+00 6.065046299999999668e+00 -6.356989967263839691e-01 7.719370347127211263e-01 0.000000000000000000e+00 -3.099743399999999927e+00 0.000000000000000000e+00 0.000000000000000000e+00 1.000000000000000000e+00 0.000000000000000000e+00
8.882440077693056768e-01 4.593719437034891606e-01 0.000000000000000000e+00 6.389822500000000183e+00 -4.593719437034891606e-01 8.882440077693056768e-01 0.000000000000000000e+00 -2.721218299999999868e+00 0.000000000000000000e+00 0.000000000000000000e+00 1.000000000000000000e+00 0.000000000000000000e+00
9.117742213140034302e-01 4.106918179696822935e-01 0.000000000000000000e+00 6.615559000000000189e+00 -4.106918179696822935e-01 9.117742213140034302e-01 0.000000000000000000e+00 -2.496426000000000034e+00 0.000000000000000000e+00 0.000000000000000000e+00 1.000000000000000000e+00 0.000000000000000000e+00
9.498965108737739138e-01 3.125645831341586356e-01 0.000000000000000000e+00 6.678054300000000332e+00 -3.125645831341586356e-01 9.498965108737739138e-01 0.000000000000000000e+00 -2.050088399999999922e+00 0.000000000000000000e+00 0.000000000000000000e+00 1.000000000000000000e+00 0.000000000000000000e+00
9.693377535333074224e-01 2.457322111059128678e-01 0.000000000000000000e+00 7.032312400000000352e+00 -2.457322111059128678e-01 9.693377535333074224e-01 0.000000000000000000e+00 -1.576672899999999933e+00 0.000000000000000000e+00 0.000000000000000000e+00 1.000000000000000000e+00 0.000000000000000000e+00
9.852999369103235816e-01 1.708333524945067072e-01 0.000000000000000000e+00 7.205836999999999826e+00 -1.708333524945067072e-01 9.852999369103235816e-01 0.000000000000000000e+00 -9.426234000000000002e-01 0.000000000000000000e+00 0.000000000000000000e+00 1.000000000000000000e+00 0.000000000000000000e+00
9.901157323612764793e-01 1.402527594405651723e-01 0.000000000000000000e+00 7.200379400000000096e+00 -1.402527594405651723e-01 9.901157323612764793e-01 0.000000000000000000e+00 -4.637105499999999991e-01 0.000000000000000000e+00 0.000000000000000000e+00 1.000000000000000000e+00 0.000000000000000000e+00
9.810700803808813930e-01 -1.936530334940584908e-01 0.000000000000000000e+00 7.295924000000000298e+00 1.936530334940584908e-01 9.810700803808813930e-01 0.000000000000000000e+00 2.028487999999999958e-01 0.000000000000000000e+00 0.000000000000000000e+00 1.000000000000000000e+00 0.000000000000000000e+00
9.771117138621732146e-01 -2.127268169115651697e-01 0.000000000000000000e+00 7.286458500000000171e+00 2.127268169115651697e-01 9.771117138621732146e-01 0.000000000000000000e+00 7.364190000000000458e-01 0.000000000000000000e+00 0.000000000000000000e+00 1.000000000000000000e+00 0.000000000000000000e+00
2.055121841915341085e-01 9.786545571082908568e-01 0.000000000000000000e+00 7.189007799999999726e+00 -9.786545571082908568e-01 2.055121841915341085e-01 0.000000000000000000e+00 6.545834000000000374e-01 0.000000000000000000e+00 0.000000000000000000e+00 1.000000000000000000e+00 0.000000000000000000e+00
8.623996811559152542e-01 -5.062280019340847925e-01 0.000000000000000000e+00 7.006215000000000082e+00 5.062280019340847925e-01 8.623996811559152542e-01 0.000000000000000000e+00 1.245020199999999910e+00 0.000000000000000000e+00 0.000000000000000000e+00 1.000000000000000000e+00 0.000000000000000000e+00
7.123865352105512860e-01 -7.017873071313743827e-01 0.000000000000000000e+00 6.915792500000000231e+00 7.017873071313743827e-01 7.123865352105512860e-01 0.000000000000000000e+00 1.851018000000000052e+00 0.000000000000000000e+00 0.000000000000000000e+00 1.000000000000000000e+00 0.000000000000000000e+00
5.315326974378566938e-01 -8.470377745735050423e-01 0.000000000000000000e+00 6.608857000000000426e+00 8.470377745735050423e-01 5.315326974378566938e-01 0.000000000000000000e+00 2.649473200000000084e+00 0.000000000000000000e+00 0.000000000000000000e+00 1.000000000000000000e+00 0.000000000000000000e+00
2.356685328471479490e-01 -9.718334953198890513e-01 0.000000000000000000e+00 6.036372000000000071e+00 9.718334953198890513e-01 2.356685328471479490e-01 0.000000000000000000e+00 3.286760800000000149e+00 0.000000000000000000e+00 0.000000000000000000e+00 1.000000000000000000e+00 0.000000000000000000e+00
-3.384511550104967598e-02 -9.994270899654064122e-01 0.000000000000000000e+00 5.226760399999999862e+00 9.994270899654064122e-01 -3.384511550104967598e-02 0.000000000000000000e+00 3.643740699999999944e+00 0.000000000000000000e+00 0.000000000000000000e+00 1.000000000000000000e+00 0.000000000000000000e+00
-2.196971063358429954e-01 -9.755681326630433192e-01 0.000000000000000000e+00 4.261040000000000383e+00 9.755681326630433192e-01 -2.196971063358429954e-01 0.000000000000000000e+00 4.378118500000000246e+00 0.000000000000000000e+00 0.000000000000000000e+00 1.000000000000000000e+00 0.000000000000000000e+00
-4.863066925192300882e-01 -8.737881899013095754e-01 0.000000000000000000e+00 3.322798500000000210e+00 8.737881899013095754e-01 -4.863066925192300882e-01 0.000000000000000000e+00 4.855813500000000005e+00 0.000000000000000000e+00 0.000000000000000000e+00 1.000000000000000000e+00 0.000000000000000000e+00
-7.890143215783143038e-01 -6.143748044510878303e-01 0.000000000000000000e+00 2.683208699999999780e+00 6.143748044510878303e-01 -7.890143215783143038e-01 0.000000000000000000e+00 4.717939399999999672e+00 0.000000000000000000e+00 0.000000000000000000e+00 1.000000000000000000e+00 0.000000000000000000e+00
-9.769404213869455900e-01 -2.135120911337273497e-01 0.000000000000000000e+00 1.765895699999999957e+00 2.135120911337273497e-01 -9.769404213869455900e-01 0.000000000000000000e+00 4.455847000000000335e+00 0.000000000000000000e+00 0.000000000000000000e+00 1.000000000000000000e+00 0.000000000000000000e+00
9.618393373253784073e-01 -2.736148555423788542e-01 0.000000000000000000e+00 8.610343000000000302e-01 2.736148555423788542e-01 9.618393373253784073e-01 0.000000000000000000e+00 4.309207999999999927e+00 0.000000000000000000e+00 0.000000000000000000e+00 1.000000000000000000e+00 0.000000000000000000e+00
7.768709379069272947e-01 -6.296598651935908508e-01 0.000000000000000000e+00 -3.392720199999999658e-02 6.296598651935908508e-01 7.768709379069272947e-01 0.000000000000000000e+00 3.235810999999999993e+00 0.000000000000000000e+00 0.000000000000000000e+00 1.000000000000000000e+00 0.000000000000000000e+00
3.552402043656672226e-01 -9.347750516580120017e-01 0.000000000000000000e+00 -2.798941699999999977e-01 9.347750516580120017e-01 3.552402043656672226e-01 0.000000000000000000e+00 2.409067199999999964e+00 0.000000000000000000e+00 0.000000000000000000e+00 1.000000000000000000e+00 0.000000000000000000e+00
-1.170146854528325425e-01 -9.931301845117661564e-01 0.000000000000000000e+00 -7.175989000000000395e-01 9.931301845117661564e-01 -1.170146854528325425e-01 0.000000000000000000e+00 1.626347800000000010e+00 0.000000000000000000e+00 0.000000000000000000e+00 1.000000000000000000e+00 0.000000000000000000e+00
-5.693064318532382595e-01 -8.221254081042224104e-01 0.000000000000000000e+00 -5.080510400000000093e-01 8.221254081042224104e-01 -5.693064318532382595e-01 0.000000000000000000e+00 1.092727699999999968e+00 0.000000000000000000e+00 0.000000000000000000e+00 1.000000000000000000e+00 0.000000000000000000e+00
-9.332830533639678849e-01 -3.591416744178111409e-01 0.000000000000000000e+00 -7.244074000000000346e-02 3.591416744178111409e-01 -9.332830533639678849e-01 0.000000000000000000e+00 5.745280000000000387e-01 0.000000000000000000e+00 0.000000000000000000e+00 1.000000000000000000e+00 0.000000000000000000e+00
-9.920818365566955732e-01 1.255931111737187411e-01 0.000000000000000000e+00 2.400269499999999889e-01 -1.255931111737187411e-01 -9.920818365566955732e-01 0.000000000000000000e+00 4.141139999999999821e-01 0.000000000000000000e+00 0.000000000000000000e+00 1.000000000000000000e+00 0.000000000000000000e+00
-6.231527334797586359e-01 7.821001667029006121e-01 0.000000000000000000e+00 4.762439700000000165e-01 -7.821001667029006121e-01 -6.231527334797586359e-01 0.000000000000000000e+00 5.495548999999999573e-01 0.000000000000000000e+00 0.000000000000000000e+00 1.000000000000000000e+00 0.000000000000000000e+00
-1.504571527760748262e-01 9.886165309049392835e-01 0.000000000000000000e+00 4.709084000000000048e-01 -9.886165309049392835e-01 -1.504571527760748262e-01 0.000000000000000000e+00 7.505482999999999461e-01 0.000000000000000000e+00 0.000000000000000000e+00 1.000000000000000000e+00 0.000000000000000000e+00
2.498121281559718687e-01 9.682943254125701005e-01 0.000000000000000000e+00 2.483371799999999907e-01 -9.682943254125701005e-01 2.498121281559718687e-01 0.000000000000000000e+00 7.716437600000000119e-01 0.000000000000000000e+00 0.000000000000000000e+00 1.000000000000000000e+00 0.000000000000000000e+00
6.817371124537440208e-01 7.315972317492946964e-01 0.000000000000000000e+00 2.766916999999999849e-01 -7.315972317492946964e-01 6.817371124537440208e-01 0.000000000000000000e+00 7.903318400000000077e-01 0.000000000000000000e+00 0.000000000000000000e+00 1.000000000000000000e+00 0.000000000000000000e+00
4.215037403611296973e-01 9.068266630738077705e-01 0.000000000000000000e+00 -1.022869350000000024e-02 -9.068266630738077705e-01 4.215037403611296973e-01 0.000000000000000000e+00 3.104717699999999803e-01 0.000000000000000000e+00 0.000000000000000000e+00 1.000000000000000000e+00 0.000000000000000000e+00
2.114387207118541834e-01 9.773912560401460947e-01 0.000000000000000000e+00 -3.792155999999999860e-01 -9.773912560401460947e-01 2.114387207118541834e-01 0.000000000000000000e+00 -6.769418699999999942e-03 0.000000000000000000e+00 0.000000000000000000e+00 1.000000000000000000e+00 0.000000000000000000e+00
-5.800948920902547490e-02 9.983160317062468314e-01 0.000000000000000000e+00 -8.157236599999999616e-01 -9.983160317062468314e-01 -5.800948920902547490e-02 0.000000000000000000e+00 -2.195487600000000095e-01 0.000000000000000000e+00 0.000000000000000000e+00 1.000000000000000000e+00 0.000000000000000000e+00
-3.987088086742401893e-01 9.170775789896774555e-01 0.000000000000000000e+00 -1.132399099999999992e+00 -9.170775789896774555e-01 -3.987088086742401893e-01 0.000000000000000000e+00 -2.754435499999999815e-01 0.000000000000000000e+00 0.000000000000000000e+00 1.000000000000000000e+00 0.000000000000000000e+00
-7.617718173040644025e-01 6.478454278307930192e-01 0.000000000000000000e+00 -1.559764699999999893e+00 -6.478454278307930192e-01 -7.617718173040644025e-01 0.000000000000000000e+00 -3.888380500000000045e-02 0.000000000000000000e+00 0.000000000000000000e+00 1.000000000000000000e+00 0.000000000000000000e+00
-9.858807243261451525e-01 1.674490889857436215e-01 0.000000000000000000e+00 -1.725957200000000080e+00 -1.674490889857436215e-01 -9.858807243261451525e-01 0.000000000000000000e+00 2.891330699999999920e-01 0.000000000000000000e+00 0.000000000000000000e+00 1.000000000000000000e+00 0.000000000000000000e+00
-9.626811506400806406e-01 -2.706381388538767752e-01 0.000000000000000000e+00 -1.587986499999999968e+00 2.706381388538767752e-01 -9.626811506400806406e-01 0.000000000000000000e+00 8.552052999999999461e-01 0.000000000000000000e+00 0.000000000000000000e+00 1.000000000000000000e+00 0.000000000000000000e+00
-8.082389907626110759e-01 -5.888545947948744530e-01 0.000000000000000000e+00 -1.386863699999999922e+00 5.888545947948744530e-01 -8.082389907626110759e-01 0.000000000000000000e+00 1.176048800000000005e+00 0.000000000000000000e+00 0.000000000000000000e+00 1.000000000000000000e+00 0.000000000000000000e+00
-6.298118659647836681e-01 -7.767477154713474663e-01 0.000000000000000000e+00 -9.688468599999999764e-01 7.767477154713474663e-01 -6.298118659647836681e-01 0.000000000000000000e+00 1.518388599999999977e+00 0.000000000000000000e+00 0.000000000000000000e+00 1.000000000000000000e+00 0.000000000000000000e+00
-3.302035195549279378e-01 -9.439097603444612794e-01 0.000000000000000000e+00 -4.159229999999999872e-01 9.439097603444612794e-01 -3.302035195549279378e-01 0.000000000000000000e+00 1.715678700000000001e+00 0.000000000000000000e+00 0.000000000000000000e+00 1.000000000000000000e+00 0.000000000000000000e+00
6.633926427577611917e-02 -9.977971246778318815e-01 0.000000000000000000e+00 -7.014333999999999673e-03 9.977971246778318815e-01 6.633926427577611917e-02 0.000000000000000000e+00 1.868546000000000040e+00 0.000000000000000000e+00 0.000000000000000000e+00 1.000000000000000000e+00 0.000000000000000000e+00
3.087095532651655261e-01 -9.511563550346608942e-01 0.000000000000000000e+00 4.796673000000000187e-01 9.511563550346608942e-01 3.087095532651655261e-01 0.000000000000000000e+00 1.724253199999999930e+00 0.000000000000000000e+00 0.000000000000000000e+00 1.000000000000000000e+00 0.000000000000000000e+00
4.435362519444453477e-01 -8.962564327306519196e-01 0.000000000000000000e+00 8.629767000000000410e-01 8.962564327306519196e-01 4.435362519444453477e-01 0.000000000000000000e+00 1.619400600000000079e+00 0.000000000000000000e+00 0.000000000000000000e+00 1.000000000000000000e+00 0.000000000000000000e+00
5.912823625907873692e-01 -8.064646103140897804e-01 0.000000000000000000e+00 1.364093500000000070e+00 8.064646103140897804e-01 5.912823625907873692e-01 0.000000000000000000e+00 1.248405699999999952e+00 0.000000000000000000e+00 0.000000000000000000e+00 1.000000000000000000e+00 0.000000000000000000e+00
5.774852371215002389e-01 -8.164011274531194351e-01 0.000000000000000000e+00 1.613714199999999988e+00 8.164011274531194351e-01 5.774852371215002389e-01 0.000000000000000000e+00 7.273604999999999654e-01 0.000000000000000000e+00 0.000000000000000000e+00 1.000000000000000000e+00 0.000000000000000000e+00
6.888866664069434043e-01 -7.248690646225210976e-01 0.000000000000000000e+00 2.015268299999999790e+00 7.248690646225210976e-01 6.888866664069434043e-01 0.000000000000000000e+00 2.988067999999999835e-01 0.000000000000000000e+00 0.000000000000000000e+00 1.000000000000000000e+00 0.000000000000000000e+00
8.592516742105793526e-01 -5.115530865573156838e-01 0.000000000000000000e+00 2.418075599999999881e+00 5.115530865573156838e-01 8.592516742105793526e-01 0.000000000000000000e+00 -1.592617000000000060e-01 0.000000000000000000e+00 0.000000000000000000e+00 1.000000000000000000e+00 0.000000000000000000e+00
7.850494906079154012e-01 -6.194330450470434402e-01 0.000000000000000000e+00 2.702803900000000148e+00 6.194330450470434402e-01 7.850494906079154012e-01 0.000000000000000000e+00 -8.930369999999999697e-01 0.000000000000000000e+00 0.000000000000000000e+00 1.000000000000000000e+00 0.000000000000000000e+00
7.493505307469729981e-01 -6.621735286684524713e-01 0.000000000000000000e+00 3.117660499999999946e+00 6.621735286684524713e-01 7.493505307469729981e-01 0.000000000000000000e+00 -1.169969599999999943e+00 0.000000000000000000e+00 0.000000000000000000e+00 1.000000000000000000e+00 0.000000000000000000e+00
6.356390359851938898e-01 -7.719864091626311708e-01 0.000000000000000000e+00 3.057782399999999789e+00 7.719864091626311708e-01 6.356390359851938898e-01 0.000000000000000000e+00 -1.179953500000000099e+00 0.000000000000000000e+00 0.000000000000000000e+00 1.000000000000000000e+00 0.000000000000000000e+00
5.509485436316516882e-01 -8.345392155376294419e-01 0.000000000000000000e+00 3.487072700000000136e+00 8.345392155376294419e-01 5.509485436316516882e-01 0.000000000000000000e+00 -1.351977500000000054e+00 0.000000000000000000e+00 0.000000000000000000e+00 1.000000000000000000e+00 0.000000000000000000e+00
3.636634579620566243e-01 -9.315304017277586945e-01 0.000000000000000000e+00 3.921452500000000008e+00 9.315304017277586945e-01 3.636634579620566243e-01 0.000000000000000000e+00 -1.232869900000000074e+00 0.000000000000000000e+00 0.000000000000000000e+00 1.000000000000000000e+00 0.000000000000000000e+00
3.393910070585970384e-02 -9.994239027776339324e-01 0.000000000000000000e+00 4.231771499999999797e+00 9.994239027776339324e-01 3.393910070585970384e-02 0.000000000000000000e+00 -9.061432499999999557e-01 0.000000000000000000e+00 0.000000000000000000e+00 1.000000000000000000e+00 0.000000000000000000e+00
-4.425144654705350789e-01 -8.967613661667894753e-01 0.000000000000000000e+00 4.535735999999999990e+00 8.967613661667894753e-01 -4.425144654705350789e-01 0.000000000000000000e+00 -4.856374999999999997e-01 0.000000000000000000e+00 0.000000000000000000e+00 1.000000000000000000e+00 0.000000000000000000e+00
-7.276446476076791070e-01 -6.859542745751326942e-01 0.000000000000000000e+00 4.296979000000000326e+00 6.859542745751326942e-01 -7.276446476076791070e-01 0.000000000000000000e+00 2.236127899999999953e-03 0.000000000000000000e+00 0.000000000000000000e+00 1.000000000000000000e+00 0.000000000000000000e+00
-9.294030884000338277e-01 -3.690662532289818998e-01 0.000000000000000000e+00 3.979317700000000180e+00 3.690662532289818998e-01 -9.294030884000338277e-01 0.000000000000000000e+00 5.230593700000000235e-01 0.000000000000000000e+00 0.000000000000000000e+00 1.000000000000000000e+00 0.000000000000000000e+00
-9.999744099191231195e-01 -7.153985385893696196e-03 0.000000000000000000e+00 3.624512199999999851e+00 7.153985385893696196e-03 -9.999744099191231195e-01 0.000000000000000000e+00 8.682112699999999794e-01 0.000000000000000000e+00 0.000000000000000000e+00 1.000000000000000000e+00 0.000000000000000000e+00
-8.820999538890228475e-01 4.710622796923818467e-01 0.000000000000000000e+00 2.899259999999999948e+00 -4.710622796923818467e-01 -8.820999538890228475e-01 0.000000000000000000e+00 1.133985000000000021e+00 0.000000000000000000e+00 0.000000000000000000e+00 1.000000000000000000e+00 0.000000000000000000e+00
-7.050311529255447462e-01 7.091763344926825807e-01 0.000000000000000000e+00 2.295838400000000057e+00 -7.091763344926825807e-01 -7.050311529255447462e-01 0.000000000000000000e+00 1.209997299999999942e+00 0.000000000000000000e+00 0.000000000000000000e+00 1.000000000000000000e+00 0.000000000000000000e+00
4.061016300129381973e-01 -9.138279193047422755e-01 0.000000000000000000e+00 1.494992700000000063e+00 9.138279193047422755e-01 4.061016300129381973e-01 0.000000000000000000e+00 1.096433200000000108e+00 0.000000000000000000e+00 0.000000000000000000e+00 1.000000000000000000e+00 0.000000000000000000e+00
2.163122670882237086e-01 -9.763242305234224316e-01 0.000000000000000000e+00 9.367513699999999721e-01 9.763242305234224316e-01 2.163122670882237086e-01 0.000000000000000000e+00 7.951781999999999462e-01 0.000000000000000000e+00 0.000000000000000000e+00 1.000000000000000000e+00 0.000000000000000000e+00
7.187698559680399946e-02 -9.974135044912499914e-01 0.000000000000000000e+00 3.090009699999999859e-01 9.974135044912499914e-01 7.187698559680399946e-02 0.000000000000000000e+00 4.308788800000000196e-01 0.000000000000000000e+00 0.000000000000000000e+00 1.000000000000000000e+00 0.000000000000000000e+00
-2.062715057370483607e-01 -9.784947960622840668e-01 0.000000000000000000e+00 -3.930516199999999905e-01 9.784947960622840668e-01 -2.062715057370483607e-01 0.000000000000000000e+00 -1.833343500000000070e-01 0.000000000000000000e+00 0.000000000000000000e+00 1.000000000000000000e+00 0.000000000000000000e+00
-5.742690225757913769e-01 -8.186666535958608826e-01 0.000000000000000000e+00 -5.240769400000000466e-01 8.186666535958608826e-01 -5.742690225757913769e-01 0.000000000000000000e+00 -6.040642000000000511e-01 0.000000000000000000e+00 0.000000000000000000e+00 1.000000000000000000e+00 0.000000000000000000e+00
-8.286878027397415192e-01 -5.597111090467825623e-01 0.000000000000000000e+00 -6.158738000000000268e-01 5.597111090467825623e-01 -8.286878027397415192e-01 0.000000000000000000e+00 -1.199489599999999934e+00 0.000000000000000000e+00 0.000000000000000000e+00 1.000000000000000000e+00 0.000000000000000000e+00
-9.671365459940627352e-01 -2.542575493523725472e-01 0.000000000000000000e+00 -4.596729299999999796e-01 2.542575493523725472e-01 -9.671365459940627352e-01 0.000000000000000000e+00 -2.031076399999999893e+00 0.000000000000000000e+00 0.000000000000000000e+00 1.000000000000000000e+00 0.000000000000000000e+00
-9.960681092910369516e-01 -8.859075376910818811e-02 0.000000000000000000e+00 -4.098909000000000025e-01 8.859075376910818811e-02 -9.960681092910369516e-01 0.000000000000000000e+00 -2.797140999999999877e+00 0.000000000000000000e+00 0.000000000000000000e+00 1.000000000000000000e+00 0.000000000000000000e+00
-9.954237754998876975e-01 9.555891988479817134e-02 0.000000000000000000e+00 -3.911673999999999984e-01 -9.555891988479817134e-02 -9.954237754998876975e-01 0.000000000000000000e+00 -3.113831499999999863e+00 0.000000000000000000e+00 0.000000000000000000e+00 1.000000000000000000e+00 0.000000000000000000e+00
9.765475718957346007e-01 -2.153017413411817960e-01 0.000000000000000000e+00 -2.273869499999999974e-02 2.153017413411817960e-01 9.765475718957346007e-01 0.000000000000000000e+00 -3.639719700000000113e+00 0.000000000000000000e+00 0.000000000000000000e+00 1.000000000000000000e+00 0.000000000000000000e+00
